# scenario=fan_zone_rear
product_alias,proto_SKU-corpus-009-0014
metric,value
fan_zone_rear,321.4888
